  1312120876  1520454945   108826600  -494670379
 -1771520512  1302872762 -1241765188 -1208886703
  -494508744  2039013582 -1311709421 -1712238224
 -1606241893   790233251   315489523   671133054
    48104706 -1450052898   340345234   -20405048
  -976294830  1323334174   656292329   329888946
   124301253 -2052789367  1755873569   229455063
  -239973054   361338921  -950383832 -1769462272
   999724671 -1180514744   158078301  -369352201
  1551254006  1174435033   540882584  -229501182
  1467764827 -2044792202  -320109331   285139254
  1220309568  1784838782  1172597963 -1719101372
  2097650000   424713620 -1739063905   535707450
  1002193541   814373210 -1161522676 -1062887469
   -91652573  -742406360  1142826838   626833496
 -1943146261   610088137  1755826317  1361682220
  -799006250     -627978  -158294905 -1549089406
    81825780 -1255965992   371642920 -2133534560
   970250070  1505035945 -1953084964   167312257
 -1694595197  2101647770  -760069532   357252281
 -2094273726   970432056   123124927 -1906730716
  -785447680  1130230070  1819206533   286115850
 -1949179431  -634025625  -846091116 -1700739946
  1477573505   604616845  1346536243    32281306
  -982475468     2121748  -775858851  1694131964
 -1633114898  -864689033   -58956225  2143240234
  -106220666   704460772  -155418428  -240433253
   111555272   312735478  1057848279  1852455913
  1984252149   -55371535 -1500557655 -1744120210
  -578316303 -1812944751  1119934398   418026834
  1367334256 -1650736578 -1719227466   648473205
   104688122  1491162070  -582772477  2035609758
 -1170444431   671745186   535365041  -855415448
  -209830901  -362990555  -942552321  -861456226
  1991791512 -1282096779  1124958506   848257595
   481570374  1392993560 -1887766179   399468202
  1740536747  1333852400  1172513858   -92508480
 -1459962673 -1210682926
